x	y	label	simulation
0.6939330806573643	0.6252934365437386	true_niche	composition_matched_null
0.6414582208782306	0.0533970161521955	matched_background	composition_matched_null
0.12864422431763622	0.5675685310464178	outer_tissue	composition_matched_null
0.11370805013132934	0.011445752980760782	outer_tissue	composition_matched_null
0.6533455213345873	0.7315551598476481	outer_tissue	composition_matched_null
0.8534571059651607	0.2484617014172752	matched_background	composition_matched_null
0.2017791344404063	0.46264183742142384	outer_tissue	composition_matched_null
0.218018637085736	0.7413940948737526	matched_background	composition_matched_null
0.7165846359235828	0.13964604072042308	outer_tissue	composition_matched_null
0.4706996706692751	0.4117014968489686	matched_background	composition_matched_null
0.41522193064071145	0.2020326986606822	outer_tissue	composition_matched_null
0.3491478047176195	0.6651601842989109	outer_tissue	composition_matched_null
0.06385375314369202	0.9324547684593788	outer_tissue	composition_matched_null
0.4546661659115582	0.23236776162203843	outer_tissue	composition_matched_null
0.3014532795996775	0.7303984632515084	outer_tissue	composition_matched_null
0.38907675329060176	0.21773136121296421	outer_tissue	composition_matched_null
0.5402978193333678	0.9051256055571043	true_niche	composition_matched_null
0.6835896920722179	0.9704060543229837	outer_tissue	composition_matched_null
0.6247523771782293	0.22087000879459273	true_niche	composition_matched_null
0.7427044538885719	0.1221042442089667	outer_tissue	composition_matched_null
0.018217355778746724	0.7604546830993806	true_niche	composition_matched_null
0.6542571497321239	0.907525340854167	matched_background	composition_matched_null
0.5420625487554652	0.9979413236551531	outer_tissue	composition_matched_null
0.8513410130861883	0.6667094781008	matched_background	composition_matched_null
0.9390292458960185	0.4070379584586974	matched_background	composition_matched_null
0.012823118470840722	0.08058835183946989	outer_tissue	composition_matched_null
0.8283282979898389	0.582830674973652	matched_background	composition_matched_null
0.25332389068272043	0.5086585605206241	true_niche	composition_matched_null
0.6247079896679355	0.7742383437882528	true_niche	composition_matched_null
0.7644183601849235	0.887644416877567	matched_background	composition_matched_null
0.8469962240204456	0.8390557225810802	matched_background	composition_matched_null
0.9406029168940363	0.6864816454173114	true_niche	composition_matched_null
0.634705447368496	0.8375424333059369	outer_tissue	composition_matched_null
0.8592085379860807	0.862162575515787	outer_tissue	composition_matched_null
0.49769873587525637	0.15103314250291855	outer_tissue	composition_matched_null
0.23336084959211112	0.22275393486542272	true_niche	composition_matched_null
0.1600578496163132	0.9986517844651259	matched_background	composition_matched_null
0.4978774449688407	0.5426933178186372	matched_background	composition_matched_null
0.7453534018221998	0.3319403917445989	matched_background	composition_matched_null
0.4493432829540601	0.26556847018888197	outer_tissue	composition_matched_null
0.6812775750665311	0.2032150133759827	outer_tissue	composition_matched_null
0.12531545321977666	0.19658605908083515	outer_tissue	composition_matched_null
0.9717112640725563	0.9923281428010977	outer_tissue	composition_matched_null
0.47389858448255395	0.007059383861949486	outer_tissue	composition_matched_null
0.8268362548714876	0.36203561842312393	outer_tissue	composition_matched_null
0.7289256865737243	0.7695878721612115	outer_tissue	composition_matched_null
0.7806833314320117	0.01879278454944855	matched_background	composition_matched_null
0.38326278377726974	0.038694023557812374	outer_tissue	composition_matched_null
0.11059946053805414	0.07688782272057515	outer_tissue	composition_matched_null
0.4553147889828173	0.10124468792403252	outer_tissue	composition_matched_null
0.3312946210135028	0.13674368273894	matched_background	composition_matched_null
0.39863539029967954	0.3987787939576205	outer_tissue	composition_matched_null
0.9924454454304759	0.6626021018361319	outer_tissue	composition_matched_null
0.30902731401742556	0.5024937101280299	outer_tissue	composition_matched_null
0.782510766814982	0.9610665749501441	matched_background	composition_matched_null
0.16636130137177585	0.6918461769473706	outer_tissue	composition_matched_null
0.5936898600489557	0.44350769421779745	true_niche	composition_matched_null
0.34670912557020195	0.17040408138154284	outer_tissue	composition_matched_null
0.24237987144989404	0.905998688552856	matched_background	composition_matched_null
0.39262678032609566	0.5633672137258486	true_niche	composition_matched_null
0.9343281542812581	0.7959538185332875	true_niche	composition_matched_null
0.5783593242921524	0.5832670251349866	matched_background	composition_matched_null
0.5181753241019371	0.9931040750465121	matched_background	composition_matched_null
0.8035958741112988	0.28408182514686975	outer_tissue	composition_matched_null
0.5037052549647131	0.4420876694891178	outer_tissue	composition_matched_null
0.11262341550561705	0.6120439940030477	matched_background	composition_matched_null
0.131139673849068	0.33613725874405587	outer_tissue	composition_matched_null
0.7184444219964322	0.9581831795757806	matched_background	composition_matched_null
0.46678927234883216	0.9223435867925729	outer_tissue	composition_matched_null
0.20883141663215476	0.25733775050617735	outer_tissue	composition_matched_null
0.9668872224868	0.9483270334848092	outer_tissue	composition_matched_null
0.27035463796528236	0.8155621946172205	true_niche	composition_matched_null
0.7827737391931079	0.4024387835818656	matched_background	composition_matched_null
0.3168458047490731	0.4862231283509165	matched_background	composition_matched_null
0.7461601387605274	0.7069203312958935	outer_tissue	composition_matched_null
0.52742402731299	0.25371203798997055	true_niche	composition_matched_null
0.03648889760803109	0.29216169247418144	true_niche	composition_matched_null
0.7128347186603586	0.194921783490128	matched_background	composition_matched_null
0.2920282855072006	0.311749744382268	outer_tissue	composition_matched_null
0.43444701723024837	0.8917307855872934	outer_tissue	composition_matched_null
0.7137628432802483	0.32175420556168643	outer_tissue	composition_matched_null
0.9952907818192178	0.8150571643297156	outer_tissue	composition_matched_null
0.44700008466072483	0.2722995384677577	outer_tissue	composition_matched_null
0.6723210965318437	0.49310178101513025	outer_tissue	composition_matched_null
0.48563823014159624	0.5540599875466145	outer_tissue	composition_matched_null
0.6662285685966078	0.421102954706173	outer_tissue	composition_matched_null
0.15895583755511145	0.6981064898755074	outer_tissue	composition_matched_null
0.993967138698623	0.9136030266893469	outer_tissue	composition_matched_null
0.1439067440970886	0.23523567084211738	outer_tissue	composition_matched_null
0.6675289091852314	0.2447079173953418	outer_tissue	composition_matched_null
0.06591029572702911	0.5133447659304045	outer_tissue	composition_matched_null
0.08735837036030658	0.5712905136922698	outer_tissue	composition_matched_null
0.8736969689274972	0.1577855176059022	true_niche	composition_matched_null
0.7496483778857111	0.49664877020948817	matched_background	composition_matched_null
0.09636261013096559	0.24305345570282	matched_background	composition_matched_null
0.28111448885553925	0.13508441040118857	matched_background	composition_matched_null
0.07016998236605321	0.7586363383399137	matched_background	composition_matched_null
0.9355401874422863	0.7497756158404921	matched_background	composition_matched_null
0.846605037907451	0.5630313044975593	outer_tissue	composition_matched_null
0.7767707636398414	0.2658775780216124	true_niche	composition_matched_null
0.698437632038509	0.3120049335237992	matched_background	composition_matched_null
0.6724211394500348	0.19211491858267182	outer_tissue	composition_matched_null
0.03281432575977683	0.4833846114308865	outer_tissue	composition_matched_null
0.05657997000767778	0.49537837467096635	outer_tissue	composition_matched_null
0.30090206508322415	0.6071860247571016	matched_background	composition_matched_null
0.576979746667162	0.6483161200902964	outer_tissue	composition_matched_null
0.829194124866474	0.46162976632878916	matched_background	composition_matched_null
0.44270504403322375	0.9995581635810692	outer_tissue	composition_matched_null
0.2491862463636052	0.7594924206494583	outer_tissue	composition_matched_null
0.6344231827410851	0.6347430323211504	matched_background	composition_matched_null
0.9518777921177327	0.5245709646645595	outer_tissue	composition_matched_null
0.48545871320526734	0.7875704944550617	matched_background	composition_matched_null
0.5621192642288917	0.17056432547556444	true_niche	composition_matched_null
0.28989845632341227	0.9779645963081938	matched_background	composition_matched_null
0.7534732756753174	0.5835716356809788	outer_tissue	composition_matched_null
0.1462777396260032	0.18084215850381158	outer_tissue	composition_matched_null
0.669562827570874	0.9517341346861554	matched_background	composition_matched_null
0.21856526699175682	0.12762802586197386	true_niche	composition_matched_null
0.6754140722589225	0.8771642453631006	outer_tissue	composition_matched_null
0.5019957408801301	0.27979417222920766	outer_tissue	composition_matched_null
0.8249134596529751	0.990305460825244	outer_tissue	composition_matched_null
0.5664322970688521	0.7511282511496851	outer_tissue	composition_matched_null
0.9071406480022545	0.14932975934465964	matched_background	composition_matched_null
0.4508711364919724	0.17220106617867936	matched_background	composition_matched_null
0.01508948605893945	0.2620227064260594	outer_tissue	composition_matched_null
0.9752496522309917	0.07043965601275215	outer_tissue	composition_matched_null
0.7686677994763607	0.8570173714001247	matched_background	composition_matched_null
0.8224269427429303	0.46137536193932305	outer_tissue	composition_matched_null
0.8278654180975947	0.9307895270391665	matched_background	composition_matched_null
0.12626695485409167	0.20352174404433232	matched_background	composition_matched_null
0.8744440949301795	0.004188597191236543	outer_tissue	composition_matched_null
0.08410675541688273	0.27332278334763427	outer_tissue	composition_matched_null
0.3089690479444013	0.7525264018733544	outer_tissue	composition_matched_null
0.16008309923788677	0.5125583526914573	outer_tissue	composition_matched_null
0.48291691569613615	0.6856286929360738	matched_background	composition_matched_null
0.18966131269380104	0.409786558023284	true_niche	composition_matched_null
0.2111762396490613	0.8938312631243934	outer_tissue	composition_matched_null
0.5792570424976218	0.2621478438812609	outer_tissue	composition_matched_null
0.1614140575952352	0.2567339470105242	matched_background	composition_matched_null
0.48193478767184883	0.4276486571818323	outer_tissue	composition_matched_null
0.6938927196891608	0.3418503434835548	matched_background	composition_matched_null
0.015644563341680517	0.39564721186039786	outer_tissue	composition_matched_null
0.8843441487651342	0.687417168044463	outer_tissue	composition_matched_null
0.7544668076086938	0.4439674583606945	outer_tissue	composition_matched_null
0.7518529308194278	0.6391699290573154	outer_tissue	composition_matched_null
0.724020069233526	0.2573196644270286	matched_background	composition_matched_null
0.9611666650345677	0.4700559079389026	outer_tissue	composition_matched_null
0.14419092223169483	0.08241971686402838	outer_tissue	composition_matched_null
0.08271969554818615	0.9548196473761515	outer_tissue	composition_matched_null
0.7397152150985961	0.22611564260830042	matched_background	composition_matched_null
0.01818255733579588	0.4157275140138944	matched_background	composition_matched_null
0.6300288655101504	0.4498285978965425	true_niche	composition_matched_null
0.6236580978829314	0.7440637627988614	outer_tissue	composition_matched_null
0.9241642235252229	0.5075128628412144	outer_tissue	composition_matched_null
0.09784033977462903	0.6276685021175381	outer_tissue	composition_matched_null
0.35210530295063336	0.3010414213534013	matched_background	composition_matched_null
0.7596684062742114	0.331298168591285	matched_background	composition_matched_null
0.3485700739754204	0.33058735198581424	outer_tissue	composition_matched_null
0.2914194629131831	0.9233861316392638	matched_background	composition_matched_null
0.17942772501986304	0.8786293034109713	true_niche	composition_matched_null
0.020176081615263852	0.06650577740925578	matched_background	composition_matched_null
0.5290137827635886	0.11138094381999719	matched_background	composition_matched_null
0.06393531816575915	0.07186349957027771	true_niche	composition_matched_null
0.4691866021958584	0.2524434267363612	true_niche	composition_matched_null
0.7336030352051305	0.48039291656274663	matched_background	composition_matched_null
0.4187340498265366	0.24465614305677308	outer_tissue	composition_matched_null
0.6082263877734432	0.7140250222960328	matched_background	composition_matched_null
0.9529821723207942	0.4034510678294858	true_niche	composition_matched_null
0.179587818857323	0.6590065809349662	true_niche	composition_matched_null
0.6435026764354848	0.027578362769061338	matched_background	composition_matched_null
0.6694787182846033	0.0037049137922083863	outer_tissue	composition_matched_null
0.5087016625967292	0.6449087115276508	outer_tissue	composition_matched_null
0.3412096877645894	0.4316066063759142	matched_background	composition_matched_null
0.16275688584806092	0.221037818376855	outer_tissue	composition_matched_null
0.3776146216412337	0.600180090129028	outer_tissue	composition_matched_null
0.553792160943275	0.16144866835120208	matched_background	composition_matched_null
0.9725555093109688	0.02195612291172344	true_niche	composition_matched_null
0.27340915225562623	0.7335582240461441	matched_background	composition_matched_null
0.8590245930523531	0.11823524669326646	outer_tissue	composition_matched_null
0.7855572735072749	0.6214210378374125	true_niche	composition_matched_null
0.36718429361224947	0.7570636985860594	outer_tissue	composition_matched_null
0.5757702789221953	0.9002980477107247	matched_background	composition_matched_null
0.02673177416148964	0.8290666380400882	true_niche	composition_matched_null
0.9811644473190938	0.6482823303432604	outer_tissue	composition_matched_null
0.49254036226649056	0.3837665178020566	true_niche	composition_matched_null
0.153676515486051	0.6726860642410698	true_niche	composition_matched_null
0.7933967553526559	0.30666817978818917	outer_tissue	composition_matched_null
0.8713925099253956	0.32297904588363036	matched_background	composition_matched_null
0.736505236153433	0.5045517292389524	matched_background	composition_matched_null
0.9830233856954337	0.17736782265926376	outer_tissue	composition_matched_null
0.2772718365351261	0.7732748525330124	matched_background	composition_matched_null
0.5536755147648968	0.6407295565213168	outer_tissue	composition_matched_null
0.4402149424262105	0.10449412504576405	true_niche	composition_matched_null
0.63838807263571	0.3959631387577244	outer_tissue	composition_matched_null
0.28049544657283987	0.15288235784635285	matched_background	composition_matched_null
0.6818725581997245	0.3724944937496285	matched_background	composition_matched_null
0.46767280253085475	0.4225688725230029	matched_background	composition_matched_null
0.38372448211571086	0.5119347915561776	true_niche	composition_matched_null
0.6988749739587282	0.8851107792698362	outer_tissue	composition_matched_null
0.2721769484295079	0.34315690653002884	true_niche	composition_matched_null
0.3307869943107612	0.9124439327523252	outer_tissue	composition_matched_null
0.9977546508523147	0.7546511148916972	matched_background	composition_matched_null
0.3892849072310087	0.11967442028045316	matched_background	composition_matched_null
0.33814844723412574	0.5007247732948218	outer_tissue	composition_matched_null
0.9646416306688932	0.7360095153806453	true_niche	composition_matched_null
0.9370263682224037	0.42880282396147984	matched_background	composition_matched_null
0.9200384786214455	0.781136518663748	matched_background	composition_matched_null
0.09820827952123312	0.053176796202709875	outer_tissue	composition_matched_null
0.8044045532757471	0.20291559189168928	outer_tissue	composition_matched_null
0.21029632397290032	0.7164757850976584	outer_tissue	composition_matched_null
0.6488037785332358	0.5323023546121678	matched_background	composition_matched_null
0.8562013259115424	0.5233852551520621	true_niche	composition_matched_null
0.7467025936284399	0.3796095489401925	matched_background	composition_matched_null
0.05911623253496989	0.7618702100029066	outer_tissue	composition_matched_null
0.5942920442637266	0.7162813066978483	outer_tissue	composition_matched_null
0.17107006578659212	0.16719651156252868	outer_tissue	composition_matched_null
0.8280648815231536	0.5004052403763354	outer_tissue	composition_matched_null
0.22664160666836575	0.9771693577287425	true_niche	composition_matched_null
0.20589115947823133	0.9305088088567183	matched_background	composition_matched_null
0.35524748195229516	0.8615010167003249	matched_background	composition_matched_null
0.5511438542031178	0.13240351153016716	true_niche	composition_matched_null
0.903118715477525	0.06665538448031039	outer_tissue	composition_matched_null
0.17860841948827544	0.5619636222324205	matched_background	composition_matched_null
0.8402962845494968	0.9421540719842962	outer_tissue	composition_matched_null
0.4209292479574327	0.6202185390166206	true_niche	composition_matched_null
0.9940190871636	0.02712639512920012	outer_tissue	composition_matched_null
0.6361003667330065	0.3271362365362698	outer_tissue	composition_matched_null
0.2211457871091037	0.020229717186083906	outer_tissue	composition_matched_null
0.5082719492569345	0.7254871404344765	outer_tissue	composition_matched_null
0.7419791373572342	0.3527400155934668	outer_tissue	composition_matched_null
0.8312003882435641	0.4363421514343383	outer_tissue	composition_matched_null
0.46713190650426195	0.14040948806643228	outer_tissue	composition_matched_null
0.3776965298230174	0.8296465742458199	outer_tissue	composition_matched_null
0.7361816878006863	0.4236217110059579	outer_tissue	composition_matched_null
0.10160426101267084	0.566513433877592	matched_background	composition_matched_null
0.7057596653213184	0.3573145814652946	true_niche	composition_matched_null
0.3958752212087089	0.07226506100266972	matched_background	composition_matched_null
0.6948712592866785	0.23283801232653845	outer_tissue	composition_matched_null
0.0874120742759259	0.3010813723404917	outer_tissue	composition_matched_null
0.25237701995788575	0.584185816331236	outer_tissue	composition_matched_null
0.2882674143969407	0.48807590880954854	outer_tissue	composition_matched_null
0.3043055867035557	0.4192894051659405	outer_tissue	composition_matched_null
0.9674682561397024	0.785301209114632	true_niche	composition_matched_null
0.8540069867589701	0.7712103175360131	matched_background	composition_matched_null
0.08668230670066346	0.45683973369310815	true_niche	composition_matched_null
0.5771735655811646	0.641018595214937	matched_background	composition_matched_null
0.9508434762664003	0.8287413663431992	matched_background	composition_matched_null
0.8105962654289663	0.37105847068360265	matched_background	composition_matched_null
0.049786250123582954	0.4986974339325949	outer_tissue	composition_matched_null
0.7401432340949309	0.7561169667533071	outer_tissue	composition_matched_null
0.7806215435616801	0.15150224293048487	outer_tissue	composition_matched_null
0.9021908524102151	0.2019702191573436	matched_background	composition_matched_null
0.5815156013750654	0.28691961770331154	outer_tissue	composition_matched_null
0.43718617345339683	0.13062236230078428	matched_background	composition_matched_null
0.18359577935491855	0.295150389155864	outer_tissue	composition_matched_null
0.5945267555541843	0.01656214469174233	outer_tissue	composition_matched_null
0.2800529262307132	0.43055314587994964	matched_background	composition_matched_null
0.28808525419215947	0.8784034372494405	matched_background	composition_matched_null
0.5303505543659317	0.00941209433311141	matched_background	composition_matched_null
0.07345514342944559	0.5843251963806813	matched_background	composition_matched_null
0.4868641761375153	0.7643534862927677	outer_tissue	composition_matched_null
0.2517303598079602	0.5853008374127785	outer_tissue	composition_matched_null
0.4622055117569679	0.5464911392252184	outer_tissue	composition_matched_null
0.18790153577855884	0.01623175106117747	matched_background	composition_matched_null
0.7458581972755954	0.8301973714843126	matched_background	composition_matched_null
0.8637522850703713	0.568226339765369	outer_tissue	composition_matched_null
0.6922282757683613	0.594088340613215	true_niche	composition_matched_null
0.8943902218315085	0.4184250563105173	outer_tissue	composition_matched_null
0.8844206975870063	0.928687075738916	true_niche	composition_matched_null
0.5892308595639045	0.1348792238837878	outer_tissue	composition_matched_null
0.751464145369962	0.32114058100640297	matched_background	composition_matched_null
0.14282378713036237	0.4629840780807689	matched_background	composition_matched_null
0.5557803581877075	0.8294144683231781	outer_tissue	composition_matched_null
0.9667237743981695	0.26991475236778883	true_niche	composition_matched_null
0.7449222059452763	0.2006859099658881	true_niche	composition_matched_null
0.9694804781956504	0.24871327104311014	matched_background	composition_matched_null
0.31298058455256406	0.6622161080045921	outer_tissue	composition_matched_null
0.1476626252580534	0.7603079895770621	outer_tissue	composition_matched_null
0.06335175493222323	0.4102495978706905	outer_tissue	composition_matched_null
0.020425134264465905	0.5387455767356865	matched_background	composition_matched_null
0.5922898393350682	0.247034483338478	matched_background	composition_matched_null
0.7051275212937075	0.8833350574790735	outer_tissue	composition_matched_null
0.1721575435647934	0.9339090089298724	true_niche	composition_matched_null
0.9520512860612529	0.6053941257144926	matched_background	composition_matched_null
0.28056861190585036	0.6481821305337548	matched_background	composition_matched_null
0.23639425251169666	0.1641544303254786	matched_background	composition_matched_null
0.7057530158853743	0.5225229549664797	matched_background	composition_matched_null
0.02611284517758805	0.9554118899132118	true_niche	composition_matched_null
0.4651223756347693	0.0010582400327412422	outer_tissue	composition_matched_null
0.6688656396630915	0.6589201966812058	outer_tissue	composition_matched_null
0.5602938815237989	0.4325397948625087	outer_tissue	composition_matched_null
0.23264681980149604	0.2541379228001235	outer_tissue	composition_matched_null
0.8075217358188079	0.12309471870631528	true_niche	composition_matched_null
0.5547615551091327	0.35566164820425583	outer_tissue	composition_matched_null
0.5728056662088986	0.9245014882913898	outer_tissue	composition_matched_null
0.38650279026755385	0.3697761996918396	outer_tissue	composition_matched_null
0.9778556588775074	0.4457976780891123	matched_background	composition_matched_null
0.0577281751201284	0.7529030979880461	outer_tissue	composition_matched_null
0.25351343755137734	0.06255406988008794	outer_tissue	composition_matched_null
0.7154244225625109	0.6454602813540079	matched_background	composition_matched_null
0.3050536702650126	0.6874790725651426	outer_tissue	composition_matched_null
0.7544154761517051	0.16176189455823764	outer_tissue	composition_matched_null
0.7469541978234052	0.12138658074643471	matched_background	composition_matched_null
0.4133901488891967	0.12983011652896048	true_niche	composition_matched_null
0.8418861898415496	0.05868519332036226	matched_background	composition_matched_null
0.6941270255450048	0.2599623880287789	matched_background	composition_matched_null
0.6731780733313983	0.4801171088802061	outer_tissue	composition_matched_null
0.544959001019937	0.3253026574152058	outer_tissue	composition_matched_null
0.5689853849241809	0.37787789371486935	outer_tissue	composition_matched_null
0.9208590621139207	0.358725296931543	outer_tissue	composition_matched_null
0.8300994105239201	0.7602822245444025	true_niche	composition_matched_null
0.24595926524583145	0.9210230129122428	outer_tissue	composition_matched_null
0.8911574684828052	0.05289402763992246	matched_background	composition_matched_null
0.6093210584392988	0.2523615897707543	matched_background	composition_matched_null
0.4757146255843856	0.3604232886396068	matched_background	composition_matched_null
0.5373017414183373	0.586446108022095	matched_background	composition_matched_null
0.5447675354927024	0.3502008709047818	matched_background	composition_matched_null
0.4836072958064279	0.8300318046909235	true_niche	composition_matched_null
0.9605057058999307	0.09046942072964526	matched_background	composition_matched_null
0.7537273217548957	0.697367627737953	matched_background	composition_matched_null
0.1076228391247851	0.4618439049621843	matched_background	composition_matched_null
0.2818215747029408	0.32610645140222094	matched_background	composition_matched_null
0.366916780738736	0.5997563663151331	true_niche	composition_matched_null
0.9807910248178241	0.7876176145494077	outer_tissue	composition_matched_null
0.560906056299618	0.6047445632312265	matched_background	composition_matched_null
0.6293229591842504	0.8567123099134204	true_niche	composition_matched_null
0.9549121680081929	0.4851640338538127	matched_background	composition_matched_null
0.8256839829042631	0.7896295816435958	outer_tissue	composition_matched_null
0.23615933741323714	0.3901896900782824	matched_background	composition_matched_null
0.25663293288955946	0.33652331131684543	outer_tissue	composition_matched_null
0.600216240148151	0.5804316996345843	outer_tissue	composition_matched_null
0.5046317821650173	0.7618607513254462	outer_tissue	composition_matched_null
0.014144997706733164	0.23264978551343085	true_niche	composition_matched_null
0.5402050522993026	0.8850715668360715	matched_background	composition_matched_null
0.9413997197979678	0.8487691761244057	matched_background	composition_matched_null
0.6827418543503627	0.5776647714364461	outer_tissue	composition_matched_null
0.13713793019340603	0.07945361160700459	outer_tissue	composition_matched_null
0.7030461335135334	0.710643433588142	matched_background	composition_matched_null
0.1775853625818954	0.28077081125729286	outer_tissue	composition_matched_null
0.9739334269512969	0.7115821831198189	true_niche	composition_matched_null
0.5431500420447146	0.6139189849055585	outer_tissue	composition_matched_null
0.892070450063994	0.05715795428587189	true_niche	composition_matched_null
0.771680491189345	0.14742629350674463	outer_tissue	composition_matched_null
0.9671353805829281	0.824570231357368	true_niche	composition_matched_null
0.5175180250581711	0.5070342961565869	matched_background	composition_matched_null
0.49533319555879884	0.5221754845619909	outer_tissue	composition_matched_null
0.06124305408565156	0.7810999092057498	outer_tissue	composition_matched_null
0.672736739940561	0.1404849067305729	outer_tissue	composition_matched_null
0.2409840081592728	0.6351664386092244	outer_tissue	composition_matched_null
0.2632712401117241	0.46445502318965604	matched_background	composition_matched_null
0.5889681445675035	0.8417810770368103	outer_tissue	composition_matched_null
0.6628618132771216	0.12976159249895347	matched_background	composition_matched_null
0.12402896395693908	0.7219043979177144	matched_background	composition_matched_null
0.5348671668594884	0.627000118888598	outer_tissue	composition_matched_null
0.0074844035990092594	0.8091267643743671	true_niche	composition_matched_null
0.03803572277440659	0.7078798461414556	matched_background	composition_matched_null
0.5695132583924387	0.46415185843101003	true_niche	composition_matched_null
0.7023696112890073	0.2630205421049705	matched_background	composition_matched_null
0.42396532993018665	0.1325971922392878	outer_tissue	composition_matched_null
0.6261685216659737	0.8894569969380085	outer_tissue	composition_matched_null
0.833333822383845	0.17963516064293283	outer_tissue	composition_matched_null
0.5397129644999222	0.6964973456331919	true_niche	composition_matched_null
0.8853677981094445	0.3005811056496621	outer_tissue	composition_matched_null
0.47555510771403064	0.8298153967977379	true_niche	composition_matched_null
0.8196413808560318	0.38204528430987794	outer_tissue	composition_matched_null
0.6487985629100597	0.6205425197824354	outer_tissue	composition_matched_null
0.6332511933512489	0.5841531497566556	outer_tissue	composition_matched_null
0.49080057059994053	0.13698675541896455	matched_background	composition_matched_null
0.7901653935238083	0.6819172949726613	true_niche	composition_matched_null
0.6337750355447475	0.09395640836085817	matched_background	composition_matched_null
0.8633864272395042	0.7179575453325576	true_niche	composition_matched_null
0.8482754377345377	0.09083323956067701	matched_background	composition_matched_null
0.6674898717160397	0.1356007925549063	outer_tissue	composition_matched_null
0.3616947649068857	0.37078885488670543	matched_background	composition_matched_null
0.9451495068822896	0.8586197515183464	matched_background	composition_matched_null
0.6212471554643128	0.3926228139595229	matched_background	composition_matched_null
0.2738267624794952	0.5267455333226144	matched_background	composition_matched_null
0.8267431267657915	0.8235494359597991	outer_tissue	composition_matched_null
0.22833445741265523	0.29872963932781094	outer_tissue	composition_matched_null
0.009837413566864628	0.6446850972371235	outer_tissue	composition_matched_null
0.8899189926854246	0.8267320803841584	matched_background	composition_matched_null
0.24176473346796223	0.5409815721338068	outer_tissue	composition_matched_null
0.35863442656319855	0.09867489716609557	true_niche	composition_matched_null
0.47766601469540926	0.7075165366264956	outer_tissue	composition_matched_null
0.10575501723062997	0.9339542655717638	true_niche	composition_matched_null
0.5022109465488012	0.4305971185799188	outer_tissue	composition_matched_null
0.3814952853101824	0.4459740926247966	matched_background	composition_matched_null
0.04027454454612067	0.8266082756952782	true_niche	composition_matched_null
0.3597032381402362	0.8287925982383716	true_niche	composition_matched_null
0.6770943159005528	0.25775475391433655	outer_tissue	composition_matched_null
0.9266575319009734	0.7688717475568086	outer_tissue	composition_matched_null
0.6069671424519457	0.20927671001040482	outer_tissue	composition_matched_null
0.9612841920731169	0.6319020300089011	outer_tissue	composition_matched_null
0.6139172874444425	0.9378823272720341	outer_tissue	composition_matched_null
0.3922425526139732	0.5905471917429594	outer_tissue	composition_matched_null
0.6243481867546835	0.3753222177957798	matched_background	composition_matched_null
0.6249877953744242	0.8665573135720833	matched_background	composition_matched_null
0.813951149700209	0.853504884740652	outer_tissue	composition_matched_null
0.4796169901172521	0.9994979061106071	outer_tissue	composition_matched_null
0.807372254467747	0.22455043270446362	outer_tissue	composition_matched_null
0.21713728849358094	0.28091895627917374	matched_background	composition_matched_null
0.3051380666571686	0.0026178903610509785	outer_tissue	composition_matched_null
0.43236070874315535	0.9088142843821411	true_niche	composition_matched_null
0.25735867210942265	0.5740616356896453	matched_background	composition_matched_null
0.3050876082837011	0.6693653673959818	matched_background	composition_matched_null
0.348647029184989	0.9021631002191995	true_niche	composition_matched_null
0.7588951798955287	0.16502014166572243	matched_background	composition_matched_null
0.4708198553147652	0.093924172494813	outer_tissue	composition_matched_null
0.22974614680029426	0.37884003574250746	true_niche	composition_matched_null
0.08318994916813793	0.04909280478518141	outer_tissue	composition_matched_null
0.8615593386853332	0.14277364685818827	matched_background	composition_matched_null
0.7051959498228014	0.18912579022287956	true_niche	composition_matched_null
0.6807616915015576	0.0002148245463429177	outer_tissue	composition_matched_null
0.08165380438005054	0.3656064875358117	matched_background	composition_matched_null
0.027457745551515478	0.8773422152284458	matched_background	composition_matched_null
0.3232780882771862	0.7747081351104592	outer_tissue	composition_matched_null
0.030973128414333972	0.40935789963697045	outer_tissue	composition_matched_null
0.20607955988615023	0.5981230371454574	matched_background	composition_matched_null
0.9766168918391215	0.7160352902673839	outer_tissue	composition_matched_null
0.4452838952516329	0.07016196112613782	true_niche	composition_matched_null
0.7503412311954989	0.6413764908931728	matched_background	composition_matched_null
0.9107345885269552	0.5885361341698406	outer_tissue	composition_matched_null
0.49371340764596705	0.8865884171391997	matched_background	composition_matched_null
0.7775311779055453	0.7372995750100092	outer_tissue	composition_matched_null
0.5932268108984672	0.7452938944390964	outer_tissue	composition_matched_null
0.454679199380279	0.6180246706542538	outer_tissue	composition_matched_null
0.7824539592419557	0.2169977488021324	matched_background	composition_matched_null
0.19395276125542393	0.7896398790889257	outer_tissue	composition_matched_null
0.24587087507501038	0.636254243886013	outer_tissue	composition_matched_null
0.5822877938961102	0.8037040544820465	outer_tissue	composition_matched_null
0.2534029904241155	0.37832879560467747	matched_background	composition_matched_null
0.12537816380881883	0.9334511596288896	outer_tissue	composition_matched_null
0.564228870814263	0.8643774945897477	matched_background	composition_matched_null
0.6894251779885987	0.7435835634725959	outer_tissue	composition_matched_null
0.3707965222913715	0.2788144518940806	outer_tissue	composition_matched_null
0.39458967097677433	0.18129691874129295	outer_tissue	composition_matched_null
0.6062388890412024	0.6664359582299454	matched_background	composition_matched_null
0.2868262202373719	0.39060190149531415	outer_tissue	composition_matched_null
0.3302032039126708	0.5938263012635587	outer_tissue	composition_matched_null
0.18189181768667628	0.38112887808488294	outer_tissue	composition_matched_null
0.7127684596856492	0.9810900887111071	true_niche	composition_matched_null
0.4726619375411819	0.45534008592688224	outer_tissue	composition_matched_null
0.7665434871433355	0.6830176163256955	outer_tissue	composition_matched_null
0.5265745231652531	0.23543891137152484	matched_background	composition_matched_null
0.8182591470918907	0.6208904279561998	true_niche	composition_matched_null
0.6531500546600507	0.041024027764830495	matched_background	composition_matched_null
0.47134619191398375	0.8629236517275923	true_niche	composition_matched_null
0.6260452058639424	0.2719776793703227	true_niche	composition_matched_null
0.6700763755540358	0.1956102519932884	true_niche	composition_matched_null
0.17323537547833467	0.8313923036997056	true_niche	composition_matched_null
0.4574017323851157	0.45621977994967833	outer_tissue	composition_matched_null
0.15376652893453702	0.7536145722564203	outer_tissue	composition_matched_null
0.745483318446869	0.5442059094606638	outer_tissue	composition_matched_null
0.5283753139384263	0.2327829765066466	outer_tissue	composition_matched_null
0.8347595085807217	0.16281592206007234	outer_tissue	composition_matched_null
0.3716415377939255	0.27436931724097724	outer_tissue	composition_matched_null
0.8657648429852571	0.7747110450852356	true_niche	composition_matched_null
0.05865936797757232	0.8405078858255629	matched_background	composition_matched_null
0.08130968227692015	0.17661753607798647	outer_tissue	composition_matched_null
0.3297944051613777	0.0458634807050049	outer_tissue	composition_matched_null
0.2290784803383038	0.783396410705714	true_niche	composition_matched_null
0.47742172905578795	0.30660527203963617	true_niche	composition_matched_null
0.2754951458657615	0.440332085989364	matched_background	composition_matched_null
0.7104123050275619	0.6994335324811589	outer_tissue	composition_matched_null
0.8125806916069964	0.572457125699555	true_niche	composition_matched_null
0.8017575510555597	0.29231600972092653	matched_background	composition_matched_null
0.8203515856836012	0.09982398918023638	matched_background	composition_matched_null
0.1293264612465692	0.3891845516314134	outer_tissue	composition_matched_null
0.2178231766409462	0.8024224908441969	outer_tissue	composition_matched_null
0.8748531881918025	0.5811762069476067	outer_tissue	composition_matched_null
0.9070848710014743	0.8257920285118847	matched_background	composition_matched_null
0.9722340126717339	0.8254614481082402	outer_tissue	composition_matched_null
0.9261779475846893	0.4206984089154213	matched_background	composition_matched_null
0.5140105618105189	0.7554858622895411	true_niche	composition_matched_null
0.2765742756395235	0.8332857141148321	matched_background	composition_matched_null
0.030154356493133583	0.6570953278234449	matched_background	composition_matched_null
0.5038979829263919	0.21765776215165622	outer_tissue	composition_matched_null
0.05134429088624559	0.8415631103053651	matched_background	composition_matched_null
0.5705629229773553	0.6913735671494703	outer_tissue	composition_matched_null
0.12297202426549958	0.7412308897762361	outer_tissue	composition_matched_null
0.18140713740192527	0.19981280227801745	matched_background	composition_matched_null
0.23807772941323202	0.40270251036810845	matched_background	composition_matched_null
0.48175400366236054	0.9280492433923969	outer_tissue	composition_matched_null
0.21480715099435732	0.9634501613581468	outer_tissue	composition_matched_null
0.40444577641400914	0.7971328103648392	outer_tissue	composition_matched_null
0.9051825600683553	0.24605114447547416	outer_tissue	composition_matched_null
0.41621885076650633	0.6817913948539476	outer_tissue	composition_matched_null
0.8596080538710725	0.8580553015015224	outer_tissue	composition_matched_null
0.39503122964824877	0.7537768401978289	outer_tissue	composition_matched_null
0.17231181161273623	0.3088797265712665	outer_tissue	composition_matched_null
0.34452955526935536	0.18294477376849283	outer_tissue	composition_matched_null
0.8604865022842859	0.7436411466406924	outer_tissue	composition_matched_null
0.600315806228956	0.24084838055967073	true_niche	composition_matched_null
0.3533114656905376	0.42347295429933873	matched_background	composition_matched_null
0.21293253467366824	0.0406295350106457	outer_tissue	composition_matched_null
0.6492976035534858	0.3311613791408322	matched_background	composition_matched_null
0.39928033384896866	0.9990662714399887	matched_background	composition_matched_null
0.816853359226153	0.08124344249001414	outer_tissue	composition_matched_null
0.16516286001358504	0.7164342578778312	matched_background	composition_matched_null
0.9230571653502938	0.09358066092328243	outer_tissue	composition_matched_null
0.7641698200812553	0.614065393004235	outer_tissue	composition_matched_null
0.7867703564373675	0.3450019973635631	outer_tissue	composition_matched_null
0.5409069064371828	0.6329531068027333	outer_tissue	composition_matched_null
0.6863243417642468	0.6076189550883068	outer_tissue	composition_matched_null
0.20811516161067578	0.3267667451625945	outer_tissue	composition_matched_null
0.5282990450647442	0.4086036907497651	outer_tissue	composition_matched_null
0.6151724046035134	0.9125408558544572	matched_background	composition_matched_null
0.37776110161967325	0.14130192045187484	outer_tissue	composition_matched_null
0.5468150033840603	0.905790636044671	matched_background	composition_matched_null
0.9146351979718127	0.4456220243170498	true_niche	composition_matched_null
0.4146178549105266	0.09679181322345642	outer_tissue	composition_matched_null
0.3076269240425248	0.5227274270361127	matched_background	composition_matched_null
0.4402950965081497	0.5083448864151029	outer_tissue	composition_matched_null
0.8855936154575608	0.051312359668764684	matched_background	composition_matched_null
0.14304799256299094	0.15903783131506066	matched_background	composition_matched_null
0.43743484985788317	0.24802653558892163	matched_background	composition_matched_null
0.6883339263448592	0.5441321712177034	true_niche	composition_matched_null
0.2947722507081264	0.40722655034680044	matched_background	composition_matched_null
0.5122096770065007	0.5178937568533203	outer_tissue	composition_matched_null
0.8942728843199952	0.9810437424221345	true_niche	composition_matched_null
0.3131696072324526	0.7493852196488088	true_niche	composition_matched_null
0.4458941762582145	0.5484037536427266	outer_tissue	composition_matched_null
0.05923458180854746	0.17397141902680202	outer_tissue	composition_matched_null
0.6340718270735951	0.22126679348426348	outer_tissue	composition_matched_null
0.10961144631846464	0.5212336144960641	matched_background	composition_matched_null
0.11560932517749589	0.005556860644992834	matched_background	composition_matched_null
0.639218059804738	0.5790696784121744	matched_background	composition_matched_null
0.5595686239295504	0.6184486573782955	outer_tissue	composition_matched_null
0.7798774545137852	0.4106992767920663	outer_tissue	composition_matched_null
0.21239067974616754	0.3045244762086555	matched_background	composition_matched_null
0.024456242064467948	0.5095015222964892	true_niche	composition_matched_null
0.8549729919535507	0.9439494073363989	matched_background	composition_matched_null
0.8312622027327612	0.6897002490230004	matched_background	composition_matched_null
0.38804208827484876	0.6565838115897872	outer_tissue	composition_matched_null
0.17081221104963196	0.9566242776633732	outer_tissue	composition_matched_null
0.6495399304911159	0.009737382018438212	outer_tissue	composition_matched_null
0.5434832477657298	0.7232636209289549	outer_tissue	composition_matched_null
0.5188165467976703	0.10731928699609927	true_niche	composition_matched_null
0.07614024560312027	0.29682897231622607	true_niche	composition_matched_null
0.1291704893953458	0.4564254511659698	outer_tissue	composition_matched_null
0.34393803854241	0.6013902823537689	matched_background	composition_matched_null
0.3485431723596567	0.055293845943972575	true_niche	composition_matched_null
0.8580664345918158	0.4723569108973573	outer_tissue	composition_matched_null
0.11902807906060431	0.3995722937646752	matched_background	composition_matched_null
0.7753200765451332	0.7566227696701625	matched_background	composition_matched_null
0.1417469027689222	0.7492573503331518	outer_tissue	composition_matched_null
0.568634608993005	0.7326451104619621	outer_tissue	composition_matched_null
0.8882212850829685	0.4969533968666979	outer_tissue	composition_matched_null
0.08928507058567625	0.6252849780378985	outer_tissue	composition_matched_null
0.860650479150021	0.10344299544011737	outer_tissue	composition_matched_null
0.7080694636660325	0.47375167201031	true_niche	composition_matched_null
0.7158539789725882	0.19199716745974515	matched_background	composition_matched_null
0.49452379217026055	0.5577327246808834	outer_tissue	composition_matched_null
0.07162784448951232	0.368068214292664	outer_tissue	composition_matched_null
0.8584048618898587	0.4507709611906884	matched_background	composition_matched_null
0.8861631045714987	0.2771463935374444	matched_background	composition_matched_null
0.10058439057381474	0.5004595086099204	matched_background	composition_matched_null
0.5375648344349108	0.20885885162285078	outer_tissue	composition_matched_null
0.22859038511395113	0.2853504508727094	outer_tissue	composition_matched_null
0.8112140413594686	0.9385615885179278	outer_tissue	composition_matched_null
0.25117976517902396	0.32183254747387957	matched_background	composition_matched_null
0.4149193845158675	0.22582034226115155	outer_tissue	composition_matched_null
0.7471206043885655	0.258883540792633	outer_tissue	composition_matched_null
0.31708192519225264	0.7517158355208283	matched_background	composition_matched_null
0.07352859701079117	0.9574658619949066	matched_background	composition_matched_null
0.27335494710537467	0.43614601476203274	outer_tissue	composition_matched_null
0.32533676666692757	0.8621974851970806	matched_background	composition_matched_null
0.10592640520239804	0.5603949037544037	true_niche	composition_matched_null
0.8478281789490432	0.6518234649668455	matched_background	composition_matched_null
0.3818461318615619	0.20825682284715197	matched_background	composition_matched_null
0.3181724089319149	0.4203532443706838	matched_background	composition_matched_null
0.6604973614719992	0.6180917356402498	matched_background	composition_matched_null
0.31821926267833556	0.42762214169576185	outer_tissue	composition_matched_null
0.5915859295306299	0.3938813662579498	matched_background	composition_matched_null
0.7106812680488089	0.5855143435716271	outer_tissue	composition_matched_null
0.5835959325677688	0.5808856160257364	true_niche	composition_matched_null
0.061391385527120534	0.5763634744380036	outer_tissue	composition_matched_null
0.9500715210113614	0.4452706154606403	outer_tissue	composition_matched_null
0.9592577951067643	0.21639328639240618	outer_tissue	composition_matched_null
0.46814068454144797	0.8497877388544904	matched_background	composition_matched_null
0.43277255890700417	0.7017850739608239	matched_background	composition_matched_null
0.6575713726132013	0.3779022784381645	outer_tissue	composition_matched_null
0.3805914407887744	0.11070218331099979	outer_tissue	composition_matched_null
0.3086459801573105	0.3672202692922215	outer_tissue	composition_matched_null
0.2865316574420038	0.2771122619129498	outer_tissue	composition_matched_null
0.08364052445212011	0.9047979353172011	outer_tissue	composition_matched_null
0.8696444644960337	0.5070831082984569	true_niche	composition_matched_null
0.0917738733891954	0.9031410031832717	true_niche	composition_matched_null
0.30616240299774244	0.5881580671991588	true_niche	composition_matched_null
0.8304597805685077	0.3926340333255042	true_niche	composition_matched_null
0.7657371940853738	0.605924017646526	matched_background	composition_matched_null
0.8718308819891635	0.1236868999716203	matched_background	composition_matched_null
0.010465015989782778	0.5430056572699837	matched_background	composition_matched_null
0.3352946613213945	0.054458441859708384	matched_background	composition_matched_null
0.4732313527338773	0.03793810262580688	matched_background	composition_matched_null
0.6388565587412267	0.18600539968627705	outer_tissue	composition_matched_null
0.3096864841198488	0.18295591097919006	outer_tissue	composition_matched_null
0.4647541566491171	0.4545045150682233	outer_tissue	composition_matched_null
0.9774596773163036	0.6110129938775924	outer_tissue	composition_matched_null
0.3893651542822447	0.08826575195946162	outer_tissue	composition_matched_null
0.8378555752088985	0.9011830589035482	matched_background	composition_matched_null
0.5586037410399556	0.9768954599772138	outer_tissue	composition_matched_null
0.9580476750833435	0.10868859197111114	true_niche	composition_matched_null
0.745620143002947	0.3769566847902488	true_niche	composition_matched_null
0.09893458226049723	0.43150938321756416	matched_background	composition_matched_null
0.7066515415766245	0.020980058287421444	matched_background	composition_matched_null
0.6552862964918932	0.5063509360706372	true_niche	composition_matched_null
0.8751654732270672	0.46312434111301737	outer_tissue	composition_matched_null
0.48440998488319553	0.5260786995493352	matched_background	composition_matched_null
0.18384773306696467	0.4679882135162995	true_niche	composition_matched_null
0.9429733113196732	0.6174559897196771	matched_background	composition_matched_null
0.20066578207881514	0.6413035365763211	outer_tissue	composition_matched_null
0.30096900421595674	0.8193800108371038	outer_tissue	composition_matched_null
0.3044659033824667	0.7997179193276259	outer_tissue	composition_matched_null
0.4097040987188708	0.8393026993022791	outer_tissue	composition_matched_null
0.41475691846348683	0.2695529333924146	matched_background	composition_matched_null
0.43462196676919085	0.25040646534807254	matched_background	composition_matched_null
0.5383514017353159	0.9527464168865959	outer_tissue	composition_matched_null
0.8406333132420568	0.42477385247782395	matched_background	composition_matched_null
0.9125349107679663	0.14151620402365372	outer_tissue	composition_matched_null
0.45173025655594445	0.4476349894283156	true_niche	composition_matched_null
0.360706515407927	0.7215185458887021	matched_background	composition_matched_null
0.25662391012429564	0.7906908936587442	matched_background	composition_matched_null
0.6631335938713052	0.9638687943951597	matched_background	composition_matched_null
0.8558344744528262	0.5613713673010324	matched_background	composition_matched_null
0.5131588394762054	0.9399510595355598	outer_tissue	composition_matched_null
0.8019217917149966	0.3142581718797087	matched_background	composition_matched_null
0.29116364365219416	0.15804687618543067	matched_background	composition_matched_null
0.6184255635089206	0.11328902816012609	matched_background	composition_matched_null
0.09036604347274779	0.7546147761540842	outer_tissue	composition_matched_null
0.4366395039819443	0.5272778602749769	outer_tissue	composition_matched_null
0.35892767098681233	0.47364771871058986	matched_background	composition_matched_null
0.49304471402083394	0.38232260909758575	matched_background	composition_matched_null
0.3037775221553739	0.8211682766355164	matched_background	composition_matched_null
0.520340417592227	0.3651271074070619	matched_background	composition_matched_null
0.34371258469748023	0.16591187776961525	outer_tissue	composition_matched_null
0.21256120704460701	0.18085840572375744	true_niche	composition_matched_null
0.17755290495998943	0.48129595680572956	matched_background	composition_matched_null
0.25063124156301	0.8483866701026814	outer_tissue	composition_matched_null
0.7829435811600883	0.9479861196295328	true_niche	composition_matched_null
0.43062177153095293	0.4116939343745688	true_niche	composition_matched_null
0.24547469366896923	0.5303807479081454	true_niche	composition_matched_null
0.7562979305453719	0.8492537933545188	matched_background	composition_matched_null
0.6196723853911461	0.4866637824898695	true_niche	composition_matched_null
0.5406358632167605	0.19822825371741204	matched_background	composition_matched_null
0.9168497300520171	0.2850656432215648	matched_background	composition_matched_null
0.5873071061687959	0.05691809736507447	outer_tissue	composition_matched_null
0.6644895649063038	0.1979226327816921	matched_background	composition_matched_null
0.5267435608599441	0.978584622802077	outer_tissue	composition_matched_null
0.1125377819639708	0.947555797974347	matched_background	composition_matched_null
0.3524280005673056	0.41595428173133886	outer_tissue	composition_matched_null
0.7938421185843536	0.33189021738617885	matched_background	composition_matched_null
0.9079067946121656	0.005741247576581676	outer_tissue	composition_matched_null
0.27316265480848123	0.031047481512652908	outer_tissue	composition_matched_null
0.17759088205657814	0.12701567276742565	outer_tissue	composition_matched_null
0.5343740467962129	0.027786145093146808	matched_background	composition_matched_null
0.6611876661765901	0.8640359802963374	true_niche	composition_matched_null
0.8929714475677901	0.12225692238969632	outer_tissue	composition_matched_null
0.14947078895683608	0.27763366383045496	outer_tissue	composition_matched_null
0.8974693069520014	0.3020100135939131	matched_background	composition_matched_null
0.9754836880556227	0.41076418680275817	outer_tissue	composition_matched_null
0.9395589015242884	0.4452246070572562	matched_background	composition_matched_null
0.24575240230455164	0.5001031320777952	outer_tissue	composition_matched_null
0.5808676190382474	0.18088971716402236	outer_tissue	composition_matched_null
0.33211174919503217	0.5066729500434549	outer_tissue	composition_matched_null
0.6937705613231179	0.764785291952719	matched_background	composition_matched_null
0.11482108012473691	0.6362471147785067	outer_tissue	composition_matched_null
0.7673329494055208	0.8516815313601511	outer_tissue	composition_matched_null
0.19018664084676795	0.8406072504158638	outer_tissue	composition_matched_null
0.09087748609713198	0.6919705032285899	matched_background	composition_matched_null
0.09943342932381039	0.07481968057198929	matched_background	composition_matched_null
0.08094846762124697	0.6733720311951493	matched_background	composition_matched_null
0.3193646159371246	0.24714574917313026	outer_tissue	composition_matched_null
0.32422227685731186	0.7714932580008481	matched_background	composition_matched_null
0.8450957506228742	0.5369636688657502	true_niche	composition_matched_null
0.37572488341382515	0.9307073694226411	outer_tissue	composition_matched_null
0.7252263928753478	0.029973831561836528	true_niche	composition_matched_null
0.22064558402285472	0.03666116573834244	outer_tissue	composition_matched_null
0.29340152965935484	0.6109874439178369	matched_background	composition_matched_null
0.6850394749783483	0.8516713052712231	outer_tissue	composition_matched_null
0.22306534512975462	0.3476746456776314	matched_background	composition_matched_null
0.9941875465990303	0.8723470551455718	outer_tissue	composition_matched_null
0.25778197164659256	0.7615301655257749	matched_background	composition_matched_null
0.7686315204107509	0.49003107324913997	outer_tissue	composition_matched_null
0.9820960967036555	0.8545923036442007	matched_background	composition_matched_null
0.29241977618645565	0.8088021930198183	matched_background	composition_matched_null
0.3406416105794554	0.2425165576981927	matched_background	composition_matched_null
0.4941650264092957	0.9035033916514955	true_niche	composition_matched_null
0.6758191915288165	0.18566927473107464	outer_tissue	composition_matched_null
0.932588523222894	0.018081638758739693	outer_tissue	composition_matched_null
0.17030271967370625	0.1272802129996996	matched_background	composition_matched_null
0.7881743602727979	0.6621760546611476	outer_tissue	composition_matched_null
0.9611644851117461	0.7257703905943267	outer_tissue	composition_matched_null
0.03839163162010073	0.2787471104319885	outer_tissue	composition_matched_null
0.223933950437191	0.0760094474848868	true_niche	composition_matched_null
0.341836779235532	0.19476469941747931	true_niche	composition_matched_null
0.9212792726317249	0.33498062065439427	outer_tissue	composition_matched_null
0.0730575520879001	0.5130396108768546	outer_tissue	composition_matched_null
0.3608266059069192	0.9341979458944478	outer_tissue	composition_matched_null
0.6754242733287614	0.3202669994678964	true_niche	composition_matched_null
0.6823697100311654	0.519488441226623	true_niche	composition_matched_null
0.5555999768453863	0.40388024419197244	matched_background	composition_matched_null
0.9965138256787812	0.4374016725128954	outer_tissue	composition_matched_null
0.3026560111782558	0.3589618709867881	outer_tissue	composition_matched_null
0.18124502727024916	0.849151515919001	true_niche	composition_matched_null
0.30908964624622204	0.07167548437641547	outer_tissue	composition_matched_null
0.058002253635912604	0.36198423851159045	outer_tissue	composition_matched_null
0.09054317295051573	0.5181471428542672	matched_background	composition_matched_null
0.2896764980360862	0.586799919037736	matched_background	composition_matched_null
0.6684705579329512	0.33067700525725363	true_niche	composition_matched_null
0.10112739100942303	0.21752930320857	matched_background	composition_matched_null
0.6344578261555727	0.8936001437019385	outer_tissue	composition_matched_null
0.5525505702422084	0.5427113505874234	matched_background	composition_matched_null
0.43743729277109433	0.1123184932399256	outer_tissue	composition_matched_null
0.8430495763072229	0.412251028533696	outer_tissue	composition_matched_null
0.5686437285880791	0.560052618841534	outer_tissue	composition_matched_null
0.013329260058454251	0.03598068642123797	outer_tissue	composition_matched_null
0.8551657665784842	0.2245552788858527	matched_background	composition_matched_null
0.7912341933476389	0.8688182996652547	outer_tissue	composition_matched_null
0.17749509106015016	0.4574375741712531	outer_tissue	composition_matched_null
0.47998032067940755	0.30724512384194735	matched_background	composition_matched_null
0.36607541490424456	0.23374346657110623	matched_background	composition_matched_null
0.6043829743339911	0.553769663932473	matched_background	composition_matched_null
0.9902954761777918	0.708801031320383	outer_tissue	composition_matched_null
0.5679960809640053	0.5774513545778718	true_niche	composition_matched_null
0.023155697396654018	0.9322233058785708	matched_background	composition_matched_null
0.15421799719755125	0.3345509018865691	outer_tissue	composition_matched_null
0.9611923271452385	0.6368136056229234	outer_tissue	composition_matched_null
0.9329449449079023	0.14606222750714237	matched_background	composition_matched_null
0.469170992724964	0.49375369668728086	true_niche	composition_matched_null
0.9784192376732002	0.5623832998760961	outer_tissue	composition_matched_null
0.049770845212180226	0.5084767012782888	matched_background	composition_matched_null
0.8808428243767792	0.6976512423792406	matched_background	composition_matched_null
0.9335857696220257	0.4159530462147295	matched_background	composition_matched_null
0.8023855811183206	0.6976631815209049	true_niche	composition_matched_null
0.4272587042034933	0.5439378727549774	matched_background	composition_matched_null
0.7876127227824152	0.25307837140619216	outer_tissue	composition_matched_null
0.6565417447588896	0.030300905711826753	true_niche	composition_matched_null
0.49194580906678764	0.8436254838500566	matched_background	composition_matched_null
0.4497034042341883	0.4586630681460837	true_niche	composition_matched_null
0.9231229934206798	0.5178421069123049	matched_background	composition_matched_null
0.6102121586954737	0.35565093339227705	matched_background	composition_matched_null
0.08618864970715379	0.792814994283696	outer_tissue	composition_matched_null
0.7424216327503492	0.26193813532739507	outer_tissue	composition_matched_null
0.6662943543153257	0.5999262303498525	true_niche	composition_matched_null
0.2268657536037254	0.92821844871091	true_niche	composition_matched_null
0.5454207670346396	0.9023047280321173	outer_tissue	composition_matched_null
0.34305799726055297	0.5296867083457454	matched_background	composition_matched_null
0.14255773731233323	0.2569691476060182	true_niche	composition_matched_null
0.07942345960060626	0.1355796943040879	outer_tissue	composition_matched_null
0.07254696387496251	0.43480342350672574	matched_background	composition_matched_null
0.02870331385818725	0.6471603599493406	matched_background	composition_matched_null
0.3580879176671409	0.07462489853936582	outer_tissue	composition_matched_null
0.7877334596262598	0.8828930148035574	matched_background	composition_matched_null
0.12300332542439718	0.68511738886128	outer_tissue	composition_matched_null
0.4515555915497488	0.31142238660975907	matched_background	composition_matched_null
0.16769276551488377	0.6431382069628906	outer_tissue	composition_matched_null
0.8539661868128807	0.24873627423391031	matched_background	composition_matched_null
0.344559870839493	0.7560853514392242	outer_tissue	composition_matched_null
0.19872314413015546	0.034039470508942626	true_niche	composition_matched_null
0.6480890840919549	0.7679270674076945	true_niche	composition_matched_null
0.6410742946550437	0.9147734757138922	matched_background	composition_matched_null
0.6080081078673545	0.6805410100715718	matched_background	composition_matched_null
0.001292047087066317	0.7504219377328082	outer_tissue	composition_matched_null
0.2937567975943872	0.22284251405432376	outer_tissue	composition_matched_null
0.13081012201328013	0.4219851460571854	outer_tissue	composition_matched_null
0.14754574831597644	0.9606021824268439	outer_tissue	composition_matched_null
0.5526027962825563	0.5284682813452034	outer_tissue	composition_matched_null
0.6989873040869841	0.21546659669547874	outer_tissue	composition_matched_null
0.2548762025753777	0.585876897057674	outer_tissue	composition_matched_null
0.08668137468858328	0.33842295708310666	outer_tissue	composition_matched_null
0.93855367330956	0.043493645446386564	matched_background	composition_matched_null
0.7565540239599826	0.07076166541479423	matched_background	composition_matched_null
0.9196052871170308	0.8507531851316723	outer_tissue	composition_matched_null
0.6141223983544927	0.5639328725917442	outer_tissue	composition_matched_null
0.39239174613045624	0.4503288654080607	outer_tissue	composition_matched_null
0.5390915271452997	0.5604856576584233	matched_background	composition_matched_null
0.9628306752500273	0.25676598783350524	outer_tissue	composition_matched_null
0.06352058978362474	0.3605168610298346	true_niche	composition_matched_null
0.23142295312956573	0.32311629811999154	true_niche	composition_matched_null
0.2690659153076804	0.4352380394997293	outer_tissue	composition_matched_null
0.020461490549226746	0.7739511599546781	outer_tissue	composition_matched_null
0.5490729721407392	0.3158602538912937	matched_background	composition_matched_null
0.13484033934288586	0.34856741440731087	matched_background	composition_matched_null
0.5327014367998943	0.17171838949281304	matched_background	composition_matched_null
0.009087603089950491	0.7844223806366097	true_niche	composition_matched_null
0.7812434038314332	0.7132791381707393	matched_background	composition_matched_null
0.369361991621183	0.7838151596997387	matched_background	composition_matched_null
0.19683963942275573	0.49567465187210236	outer_tissue	composition_matched_null
0.2750134863997855	0.4336865559752908	outer_tissue	composition_matched_null
0.037189410883233576	0.296062926034657	outer_tissue	composition_matched_null
0.2949234919338751	0.14761456507070325	true_niche	composition_matched_null
0.8780130212587764	0.6630830975283631	matched_background	composition_matched_null
0.3217467620931316	0.9095568621791569	matched_background	composition_matched_null
0.956888463789958	0.43128330613787247	matched_background	composition_matched_null
0.673454455554139	0.3642540583099019	matched_background	composition_matched_null
0.4388383267646446	0.0936962001297389	outer_tissue	composition_matched_null
0.1612309185624784	0.4505180357707169	outer_tissue	composition_matched_null
0.7666503406731506	0.7924688254892225	matched_background	composition_matched_null
0.33864167435420545	0.750553755609268	outer_tissue	composition_matched_null
0.23405486371401418	0.7396605891437601	outer_tissue	composition_matched_null
0.8886141609179626	0.9337425899008084	true_niche	composition_matched_null
0.8180374269114469	0.5556286637724526	matched_background	composition_matched_null
0.45094544424595284	0.4122446754573751	true_niche	composition_matched_null
0.18129418979371537	0.17456415014893456	outer_tissue	composition_matched_null
0.3764158070480863	0.36861629976185817	true_niche	composition_matched_null
0.74852323078499	0.9313484278284669	matched_background	composition_matched_null
0.3508411585486326	0.8257424535221991	matched_background	composition_matched_null
0.09385242207600497	0.4502551446853582	matched_background	composition_matched_null
0.2293388530418583	0.624049591094653	matched_background	composition_matched_null
0.20610075731564903	0.6796507652990637	outer_tissue	composition_matched_null
0.3367939041299839	0.9028412292785009	true_niche	composition_matched_null
0.7136979282380765	0.2838362737811121	true_niche	composition_matched_null
0.32857280370941455	0.5752839349120157	outer_tissue	composition_matched_null
0.5537562254842356	0.12780880979586984	outer_tissue	composition_matched_null
0.7175722581733553	0.9386787438634787	true_niche	composition_matched_null
0.5061703313212305	0.496668784196173	matched_background	composition_matched_null
0.7749011200587754	0.3088068148502414	matched_background	composition_matched_null
0.3208690375576716	0.36667375777140265	matched_background	composition_matched_null
0.7535227765051231	0.7602876242937203	outer_tissue	composition_matched_null
0.4045619716098744	0.9392696503667064	matched_background	composition_matched_null
0.9470261251202171	0.9885132924836866	matched_background	composition_matched_null
0.5746325509369398	0.11738597594770983	outer_tissue	composition_matched_null
0.5356294248004625	0.5408003426582252	matched_background	composition_matched_null
0.1631778790557631	0.12245225809935356	matched_background	composition_matched_null
0.6434698705158027	0.09288753470659272	true_niche	composition_matched_null
0.22783874956647243	0.5968355532856314	outer_tissue	composition_matched_null
0.18784913889356902	0.9350052628908649	outer_tissue	composition_matched_null
0.34006735607459704	0.4163428979827264	outer_tissue	composition_matched_null
0.8080081754580807	0.9117941245824558	outer_tissue	composition_matched_null
0.16105563312346216	0.2127625656399844	true_niche	composition_matched_null
0.6126833301447185	0.8199917924665446	outer_tissue	composition_matched_null
0.6199463979171298	0.9300605215833657	outer_tissue	composition_matched_null
0.25889348489501685	0.6866922065152511	outer_tissue	composition_matched_null
0.9157064391751628	0.7769245409182661	matched_background	composition_matched_null
0.9611853399439044	0.4330926000130759	outer_tissue	composition_matched_null
0.765691141593049	0.5555282239483226	outer_tissue	composition_matched_null
0.6417837499931897	0.7350217685307778	matched_background	composition_matched_null
0.1548467229362489	0.6592858142594542	outer_tissue	composition_matched_null
0.7566193385928843	0.12561693552304876	outer_tissue	composition_matched_null
0.0947141017540426	0.1807908679638931	outer_tissue	composition_matched_null
0.07433495095480591	0.055295099392654756	outer_tissue	composition_matched_null
0.7365929084830708	0.16679287530348763	true_niche	composition_matched_null
0.05932302904569664	0.7554047079350266	outer_tissue	composition_matched_null
0.03085417730279405	0.09461019607983834	true_niche	composition_matched_null
0.14946789190122312	0.9632157863587363	matched_background	composition_matched_null
0.634323507296695	0.700389753480309	matched_background	composition_matched_null
0.35010927520024093	0.3869725643887253	true_niche	composition_matched_null
0.8403867843665248	0.6728072363524988	outer_tissue	composition_matched_null
0.04982288852690597	0.8174230209064847	outer_tissue	composition_matched_null
0.08825278189909169	0.09578001300370242	matched_background	composition_matched_null
0.7023603219275407	0.9013377032792012	outer_tissue	composition_matched_null
0.7420863294667964	0.9093453503306956	matched_background	composition_matched_null
0.588323821558561	0.9569051212145856	true_niche	composition_matched_null
0.7817779654207339	0.32223874046563983	outer_tissue	composition_matched_null
0.8596306950208463	0.6645540854331244	matched_background	composition_matched_null
0.5248720575588992	0.14148100425225085	matched_background	composition_matched_null
0.7146323910187844	0.4317524441549191	outer_tissue	composition_matched_null
0.6038706299225908	0.4151522758718572	outer_tissue	composition_matched_null
0.10976093660011443	0.5253828141780295	matched_background	composition_matched_null
0.6989931510031411	0.35672216181149097	true_niche	composition_matched_null
0.8258859496353237	0.23002118793738224	matched_background	composition_matched_null
0.20004167696583308	0.7594530468533313	outer_tissue	composition_matched_null
0.6534243883742195	0.3570537338633727	matched_background	composition_matched_null
0.4284486464746381	0.6289616449611168	outer_tissue	composition_matched_null
0.49232231527859327	0.7122904091275843	matched_background	composition_matched_null
0.6365828487726078	0.6954153287104482	true_niche	composition_matched_null
0.12499333052213746	0.9358633961711766	matched_background	composition_matched_null
0.9584141011443968	0.38899978089229914	true_niche	composition_matched_null
0.0050186636160294285	0.651473313342047	outer_tissue	composition_matched_null
0.9386328697741745	0.6010703892201077	outer_tissue	composition_matched_null
0.5805341327704506	0.9578663400675187	matched_background	composition_matched_null
0.38690319134576523	0.5625797717972145	outer_tissue	composition_matched_null
0.6286664805972292	0.0636833709508593	outer_tissue	composition_matched_null
0.5000976680031601	0.6538697596938087	outer_tissue	composition_matched_null
0.4031011418230771	0.21904195657343983	matched_background	composition_matched_null
0.7927329493637073	0.04239645210427245	matched_background	composition_matched_null
0.03931879441854691	0.3772800022272511	matched_background	composition_matched_null
0.06111569130227512	0.9410535846717754	outer_tissue	composition_matched_null
0.19084407297274364	0.32772368830036736	outer_tissue	composition_matched_null
0.4671299324443482	0.517963396525772	matched_background	composition_matched_null
0.2562791858356871	0.6966146467889922	matched_background	composition_matched_null
0.017203655810439145	0.9754813793465235	matched_background	composition_matched_null
0.5430971776508117	0.95644536923933	outer_tissue	composition_matched_null
0.7026700200958031	0.6194745961507658	matched_background	composition_matched_null
0.6077270180679093	0.1469384618629841	outer_tissue	composition_matched_null
0.1252552919217833	0.2702156653265475	true_niche	composition_matched_null
0.7113030243260556	0.24569109178799808	matched_background	composition_matched_null
0.5173970468486029	0.9150222737105966	outer_tissue	composition_matched_null
0.6800433342577895	0.008304466437802582	matched_background	composition_matched_null
0.08459219997404321	0.5433661890951053	outer_tissue	composition_matched_null
0.9284908138241248	0.807655089500722	matched_background	composition_matched_null
0.4330957184684967	0.4678062545388667	matched_background	composition_matched_null
0.9888129911544622	0.7252754569862768	outer_tissue	composition_matched_null
0.28046004012900616	0.6356994902213333	matched_background	composition_matched_null
0.1040080788674802	0.9461791108104793	outer_tissue	composition_matched_null
0.5832516018332845	0.611391851109189	matched_background	composition_matched_null
0.006388276627257605	0.8675431102723689	matched_background	composition_matched_null
0.5542214539834283	0.723698059726951	matched_background	composition_matched_null
0.422290163403236	0.14703292795826595	outer_tissue	composition_matched_null
